column ---------- fraud_bool
[0 1] 

column ---------- income
[0.3 0.8 0.6 0.9 0.2 0.1 0.5 0.7 0.4] 

column ---------- name_email_similarity
[0.98650631 0.61742601 0.99670702 ... 0.14089138 0.00248024 0.99339133] 

column ---------- prev_address_months_count
[ -1   9  11  22  21  13  26  33  27  23   8  96  24  48  49  51 235 287
 152  90  20  31  10 203 106  52  53 189 140  99  46  55  30  36  29  87
  18 183 325  28 316  34  50  12  85  57  32 239 151 232 153  40 100  83
 154  25 288 182  38 103  98  92 174 144  62  56  78  43  82 166  73  95
  17 175  14 111  35 308  69 311  15  45  37  77  44  91  60 192  63 102
  97  74  89 293  88 123 209  47 238  41  58  19 190 127  84  54 181  86
 216 198  79 207 220 120 101 162 342 202 215 121 187 231 208 186 196  81
 242 122  42  94   7 304 116 107  70 273 197 265 226 195 188 143 185 164
  59 221 194  93  66 309 191 206 180 131 320 282 159 133 255  68 213  80
 201 218 268 296 104 298  39  61 214  67 105 155 237  16 125 200 135 228
 117 119 108 139 233 227 199 177 145 295  72 112 141 336   6 219 170 253
 129 317  71 179 324 323 134 326 114 110 280 168 167 225 184 136 124 300
 328 211 236 148 212 109  76 327  75 290 204 217 314 146 313 283 138 137
 301 210 130 305 330 178 319 341 229 310 281 303 245 286 258 118 291 113
 173 329 315 193 176 289 332 160 156 149 147 172 132 157 307 250 302 318
 171 169 299 165 115 128 126 321 331 222 224 333  65 230  64 343 284 234
 150 205 306 276 163 358 322 247 362 277 142 257 158 312 161 345 267 223
 297 241 275 334 339 256 278 243 338 251 285 350 292 249 337 294 263 240
 355 269 262 244 252 246 335 266 248 363 279 270 340 271 260 254 274 353
 364 346 360 349 344 348 261 359 351 347 352 264 367 272 259 356 366 361
 357 372 354 365 371 374   5 377 373 370 369 375 383 381] 

column ---------- current_address_months_count
[ 25  89  14  29 369   4 103   2 134  67  34  33 156  31  20  38 114 372
  54  60  44  30   8 203   9 104   7  35 233 174 198  72 124  18   5  19
 165 157 237 183 368 241  41  55 333  13  32 110 243 284  77  43   0  17
 360   6 182 302  76  39 177 102 309  91  74  49  37  10 130 163  69  11
 175 162  47  63  26  66  53 362  90  52  64 189 137   1 224  51 153  68
 146 128 152  70 131  62  -1 199 293 167 112  12 222  15 264 108 196 215
  23  42 138 195  56 334  27  40  71  95 272  83 147 184 158 212 164 142
  65 193  36 344 234 294  99 361  21   3  28 375 295 186  48 191  50 378
 179 160  59 120 242 261  58 155  16 230  80 376 208 188 366  24 357  87
 140  98  93 145 296 223 115 306 123 244  22  75  45 371 126 288 150 176
 254  57 105  46 173 144 171 132 267 248 365 217 200 129 278 282 148  61
 133 363  84 213 121 159 251  81 194 197 101 118 225 190 211 285 154 149
 169 308 205 135  78 178  94 170 127 192 210  86 227 238 252  73  97 299
 119 125 229 187 373 370 374 257 239 335 359 180 107 202 232 249  79  92
 122  88 303 185 318 291 181 253 201 260  85 307  82 280 172 226 336 392
 339 390 161 109 221 206 347 324 348 113 143 314 297 329 305 139 255 151
 166 236 246 116 136 381 100 235 216 322 343 268 141 379 245 312 259 356
 240 310 265 207 292 271 204 389 315 269  96 332 287 377 209 301 316 382
 258 364 338 247 168 358 220 106 219 111 281 256 327 350 266 279 270 277
 354 276 328 385 228 298 263 289 330 388 321 319 283 304 353 367 250 117
 262 337 214 231 355 416 317 275 290 218 313 311 351 345 323 273 326 352
 320 349 400 383 342 386 274 300 331 380 325 346 340 384 286 341 387 393
 397 391 410 407 396 402 408 395 418 405 399 413 401 411 406 398 394 425
 424 412 403 419 404 417 409 414 428] 

column ---------- customer_age
[40 20 30 50 60 90 80 70 10] 

column ---------- days_since_request
[0.00673539 0.0100951  0.01231635 ... 0.05928715 0.02335717 0.02042182] 

column ---------- intended_balcon_amount
[102.45371092  -0.84955097  -1.49038552 ...  50.60999507  -1.31338736
  14.94245588] 

column ---------- payment_type
['AA' 'AD' 'AB' 'AC' 'AE'] 

column ---------- zip_count_4w
[1059 1658 1095 ... 6154    4 6451] 

column ---------- velocity_6h
[13096.0350184   9223.28343093  4471.47214877 ...  1258.86493822
  7048.13712791  3737.07647922] 

column ---------- velocity_24h
[7850.95500713 5745.25148064 5471.98895801 ... 3601.32289249 6521.39501187
 3135.78809445] 

column ---------- velocity_4w
[6742.08056101 5941.66485884 5992.55511325 ... 3103.89166416 3068.26508364
 3051.00329333] 

column ---------- bank_branch_count_8w
[   5    3   15 ... 2367 2347 2332] 

column ---------- date_of_birth_distinct_emails_4w
[ 5 18 11 13  6  8  7 10 20  9 22 16 26 15 14  3 19  2 17  0 12  4 23 24
  1 21 28 29 25 27 32 30 33 31 34 35 36 37 39 38] 

column ---------- employment_status
['CB' 'CA' 'CC' 'CF' 'CD' 'CE' 'CG'] 

column ---------- credit_risk_score
[ 163  154   89   90   91  134   72   35  201  184  136   84  123   88
   80  118  137   49  268   64   52  170   57   79  191   62  113   81
   59  182   37  100  162  152  245  142  114   39  147  131  175  198
   30  194   11   18  -63  200  189   51  173  146   -9  280   61   27
  181  273   13  161  185   38   68   99   55   21  324   93   97  187
   56  144   77  246  155   82  165   45  148  117   63  102    9  101
   96  205   29   66  111  107  158  169  138   20  250  202   78  -44
   75   16  127  125  164  176   14  233   87   31   -2   92  219  223
  112  168  259  150  231  210   -6  193    7  108  320  179   22   25
   73  -19  116  287   74   65   50  299   71  143   86  121  149   -7
  141  105   26  178  206  128  269   70  153   60  305  199  133   47
  214  229  224  109  172   98  208  325  243  110  220  288  256  124
  275  104  213  132  174  196   83   76  171  190   85  177  -41   58
  180   19   28   95  203  151   23   67  122   94   33  335  251   54
   24  257  216  129  253  115  277  126  160  135  140   32  159   34
  167  192    4   53  211  226   41  207  166  157  -32  -23  183   69
  234  306   12  297  103   43  296  106   15  227  195  130  356  -26
  156  225   48  312  -80  139  263   42  252  258  -74    3  284  230
  261  212  215  300  186  248  209  120  218   40  145  278  289  -38
 -123  345  222  241  367  204  217   10  -54  244  279  254  235   -8
   44  337  240  188  119    2   -4  -30  301  326  315  334  -33  221
  239  -52  247  344   46  274    6  197  264  283  291   17  260  293
  351    0  -14  -49  232  236  237  -53  267  282  -36  -65  314  -28
  -43  304  -81  308  262  228  309  -47  265  238  272  313  369  255
    5   36  281  266  276  292  270  352  341  285  271  358  -93    1
  -83  318  -72  -39  -42  -59   -3  295  298  -48  249  355  242  327
  -69  -12  290  -67  294  347  322  -10 -144  319  -37  286    8  -13
  342  329  340  302  -87  -66  354  -84  -15  -16  -17  -18  336  307
  -20  -25  323 -132  -34  303  317  -40  331  -11  316  -91  -58  310
   -5  332 -103  311  -45  -55  -56  389   -1  370  -27  321  -76  361
  -24  -88  -86  -51  349  -61  -96  372  -21  377  -97  -62  -46 -102
  -60  -98 -108  -71  -31  346  364 -139  -50  -22  330  -70  -35  328
  -89  -75  350  -82  379 -101  -29 -107 -110  365  -95  362  -77  -92
  333 -114  -68  339  338 -140 -109  359 -111 -125 -119  375  374  376
  343  -64 -106  -85  -99  -57  360  357  348  -79 -113  -78  373  -73
 -122  385  363 -120 -105 -126  386 -115  -94 -167  368  366 -118  353
 -117  -90 -134 -100 -136 -104  387 -127 -130 -112 -133 -116 -156 -149
 -150  381  371 -124 -121 -131 -148 -164 -159 -138 -137 -145 -129 -154
 -152 -166 -147 -135 -155 -169 -128 -143  378 -168 -157 -158 -141 -146
 -165  380 -153 -170  383] 

column ---------- email_is_free
[1 0] 

column ---------- housing_status
['BC' 'BE' 'BD' 'BA' 'BB' 'BF' 'BG'] 

column ---------- phone_home_valid
[0 1] 

column ---------- phone_mobile_valid
[1 0] 

column ---------- bank_months_count
[ 9  2 30  1 26 25 15 10 -1 28 27 20  5 11  3 31 24  6 21 19 16 29  4 22
 18 14 12  8  7 23 17 32 13] 

column ---------- has_other_cards
[0 1] 

column ---------- proposed_credit_limit
[1500.  200.  500. 1000.  990.  510. 2000.  210.  490.  190. 1900. 2100.] 

column ---------- foreign_request
[0 1] 

column ---------- source
['INTERNET' 'TELEAPP'] 

column ---------- session_length_in_minutes
[16.22484343  3.36385371 22.73055923 ... 16.06859455  1.37868332
  1.94792582] 

column ---------- device_os
['linux' 'other' 'windows' 'x11' 'macintosh'] 

column ---------- keep_alive_session
[1 0] 

column ---------- device_distinct_emails_8w
[ 1  2  0 -1] 

column ---------- device_fraud_count
[0] 

column ---------- month
[0 1 2 3 4 5 6 7] 

column ---------- fraud_bool
[0 1] 

column ---------- income
[0.3 0.8 0.6 0.9 0.2 0.1 0.5 0.7 0.4] 

column ---------- name_email_similarity
[0.98650631 0.61742601 0.99670702 ... 0.14089138 0.00248024 0.99339133] 

column ---------- prev_address_months_count
[ -1   9  11  22  21  13  26  33  27  23   8  96  24  48  49  51 235 287
 152  90  20  31  10 203 106  52  53 189 140  99  46  55  30  36  29  87
  18 183 325  28 316  34  50  12  85  57  32 239 151 232 153  40 100  83
 154  25 288 182  38 103  98  92 174 144  62  56  78  43  82 166  73  95
  17 175  14 111  35 308  69 311  15  45  37  77  44  91  60 192  63 102
  97  74  89 293  88 123 209  47 238  41  58  19 190 127  84  54 181  86
 216 198  79 207 220 120 101 162 342 202 215 121 187 231 208 186 196  81
 242 122  42  94   7 304 116 107  70 273 197 265 226 195 188 143 185 164
  59 221 194  93  66 309 191 206 180 131 320 282 159 133 255  68 213  80
 201 218 268 296 104 298  39  61 214  67 105 155 237  16 125 200 135 228
 117 119 108 139 233 227 199 177 145 295  72 112 141 336   6 219 170 253
 129 317  71 179 324 323 134 326 114 110 280 168 167 225 184 136 124 300
 328 211 236 148 212 109  76 327  75 290 204 217 314 146 313 283 138 137
 301 210 130 305 330 178 319 341 229 310 281 303 245 286 258 118 291 113
 173 329 315 193 176 289 332 160 156 149 147 172 132 157 307 250 302 318
 171 169 299 165 115 128 126 321 331 222 224 333  65 230  64 343 284 234
 150 205 306 276 163 358 322 247 362 277 142 257 158 312 161 345 267 223
 297 241 275 334 339 256 278 243 338 251 285 350 292 249 337 294 263 240
 355 269 262 244 252 246 335 266 248 363 279 270 340 271 260 254 274 353
 364 346 360 349 344 348 261 359 351 347 352 264 367 272 259 356 366 361
 357 372 354 365 371 374   5 377 373 370 369 375 383 381] 

column ---------- current_address_months_count
[ 25  89  14  29 369   4 103   2 134  67  34  33 156  31  20  38 114 372
  54  60  44  30   8 203   9 104   7  35 233 174 198  72 124  18   5  19
 165 157 237 183 368 241  41  55 333  13  32 110 243 284  77  43   0  17
 360   6 182 302  76  39 177 102 309  91  74  49  37  10 130 163  69  11
 175 162  47  63  26  66  53 362  90  52  64 189 137   1 224  51 153  68
 146 128 152  70 131  62  -1 199 293 167 112  12 222  15 264 108 196 215
  23  42 138 195  56 334  27  40  71  95 272  83 147 184 158 212 164 142
  65 193  36 344 234 294  99 361  21   3  28 375 295 186  48 191  50 378
 179 160  59 120 242 261  58 155  16 230  80 376 208 188 366  24 357  87
 140  98  93 145 296 223 115 306 123 244  22  75  45 371 126 288 150 176
 254  57 105  46 173 144 171 132 267 248 365 217 200 129 278 282 148  61
 133 363  84 213 121 159 251  81 194 197 101 118 225 190 211 285 154 149
 169 308 205 135  78 178  94 170 127 192 210  86 227 238 252  73  97 299
 119 125 229 187 373 370 374 257 239 335 359 180 107 202 232 249  79  92
 122  88 303 185 318 291 181 253 201 260  85 307  82 280 172 226 336 392
 339 390 161 109 221 206 347 324 348 113 143 314 297 329 305 139 255 151
 166 236 246 116 136 381 100 235 216 322 343 268 141 379 245 312 259 356
 240 310 265 207 292 271 204 389 315 269  96 332 287 377 209 301 316 382
 258 364 338 247 168 358 220 106 219 111 281 256 327 350 266 279 270 277
 354 276 328 385 228 298 263 289 330 388 321 319 283 304 353 367 250 117
 262 337 214 231 355 416 317 275 290 218 313 311 351 345 323 273 326 352
 320 349 400 383 342 386 274 300 331 380 325 346 340 384 286 341 387 393
 397 391 410 407 396 402 408 395 418 405 399 413 401 411 406 398 394 425
 424 412 403 419 404 417 409 414 428] 

column ---------- customer_age
[40 20 30 50 60 90 80 70 10] 

column ---------- days_since_request
[0.00673539 0.0100951  0.01231635 ... 0.05928715 0.02335717 0.02042182] 

column ---------- intended_balcon_amount
[102.45371092  -0.84955097  -1.49038552 ...  50.60999507  -1.31338736
  14.94245588] 

column ---------- payment_type
['AA' 'AD' 'AB' 'AC' 'AE'] 

column ---------- zip_count_4w
[1059 1658 1095 ... 6154    4 6451] 

column ---------- velocity_6h
[13096.0350184   9223.28343093  4471.47214877 ...  1258.86493822
  7048.13712791  3737.07647922] 

column ---------- velocity_24h
[7850.95500713 5745.25148064 5471.98895801 ... 3601.32289249 6521.39501187
 3135.78809445] 

column ---------- velocity_4w
[6742.08056101 5941.66485884 5992.55511325 ... 3103.89166416 3068.26508364
 3051.00329333] 

column ---------- bank_branch_count_8w
[   5    3   15 ... 2367 2347 2332] 

column ---------- date_of_birth_distinct_emails_4w
[ 5 18 11 13  6  8  7 10 20  9 22 16 26 15 14  3 19  2 17  0 12  4 23 24
  1 21 28 29 25 27 32 30 33 31 34 35 36 37 39 38] 

column ---------- employment_status
['CB' 'CA' 'CC' 'CF' 'CD' 'CE' 'CG'] 

column ---------- credit_risk_score
[ 163  154   89   90   91  134   72   35  201  184  136   84  123   88
   80  118  137   49  268   64   52  170   57   79  191   62  113   81
   59  182   37  100  162  152  245  142  114   39  147  131  175  198
   30  194   11   18  -63  200  189   51  173  146   -9  280   61   27
  181  273   13  161  185   38   68   99   55   21  324   93   97  187
   56  144   77  246  155   82  165   45  148  117   63  102    9  101
   96  205   29   66  111  107  158  169  138   20  250  202   78  -44
   75   16  127  125  164  176   14  233   87   31   -2   92  219  223
  112  168  259  150  231  210   -6  193    7  108  320  179   22   25
   73  -19  116  287   74   65   50  299   71  143   86  121  149   -7
  141  105   26  178  206  128  269   70  153   60  305  199  133   47
  214  229  224  109  172   98  208  325  243  110  220  288  256  124
  275  104  213  132  174  196   83   76  171  190   85  177  -41   58
  180   19   28   95  203  151   23   67  122   94   33  335  251   54
   24  257  216  129  253  115  277  126  160  135  140   32  159   34
  167  192    4   53  211  226   41  207  166  157  -32  -23  183   69
  234  306   12  297  103   43  296  106   15  227  195  130  356  -26
  156  225   48  312  -80  139  263   42  252  258  -74    3  284  230
  261  212  215  300  186  248  209  120  218   40  145  278  289  -38
 -123  345  222  241  367  204  217   10  -54  244  279  254  235   -8
   44  337  240  188  119    2   -4  -30  301  326  315  334  -33  221
  239  -52  247  344   46  274    6  197  264  283  291   17  260  293
  351    0  -14  -49  232  236  237  -53  267  282  -36  -65  314  -28
  -43  304  -81  308  262  228  309  -47  265  238  272  313  369  255
    5   36  281  266  276  292  270  352  341  285  271  358  -93    1
  -83  318  -72  -39  -42  -59   -3  295  298  -48  249  355  242  327
  -69  -12  290  -67  294  347  322  -10 -144  319  -37  286    8  -13
  342  329  340  302  -87  -66  354  -84  -15  -16  -17  -18  336  307
  -20  -25  323 -132  -34  303  317  -40  331  -11  316  -91  -58  310
   -5  332 -103  311  -45  -55  -56  389   -1  370  -27  321  -76  361
  -24  -88  -86  -51  349  -61  -96  372  -21  377  -97  -62  -46 -102
  -60  -98 -108  -71  -31  346  364 -139  -50  -22  330  -70  -35  328
  -89  -75  350  -82  379 -101  -29 -107 -110  365  -95  362  -77  -92
  333 -114  -68  339  338 -140 -109  359 -111 -125 -119  375  374  376
  343  -64 -106  -85  -99  -57  360  357  348  -79 -113  -78  373  -73
 -122  385  363 -120 -105 -126  386 -115  -94 -167  368  366 -118  353
 -117  -90 -134 -100 -136 -104  387 -127 -130 -112 -133 -116 -156 -149
 -150  381  371 -124 -121 -131 -148 -164 -159 -138 -137 -145 -129 -154
 -152 -166 -147 -135 -155 -169 -128 -143  378 -168 -157 -158 -141 -146
 -165  380 -153 -170  383] 

column ---------- email_is_free
[1 0] 

column ---------- housing_status
['BC' 'BE' 'BD' 'BA' 'BB' 'BF' 'BG'] 

column ---------- phone_home_valid
[0 1] 

column ---------- phone_mobile_valid
[1 0] 

column ---------- bank_months_count
[ 9  2 30  1 26 25 15 10 -1 28 27 20  5 11  3 31 24  6 21 19 16 29  4 22
 18 14 12  8  7 23 17 32 13] 

column ---------- has_other_cards
[0 1] 

column ---------- proposed_credit_limit
[1500.  200.  500. 1000.  990.  510. 2000.  210.  490.  190. 1900. 2100.] 

column ---------- foreign_request
[0 1] 

column ---------- source
['INTERNET' 'TELEAPP'] 

column ---------- session_length_in_minutes
[16.22484343  3.36385371 22.73055923 ... 16.06859455  1.37868332
  1.94792582] 

column ---------- device_os
['linux' 'other' 'windows' 'x11' 'macintosh'] 

column ---------- keep_alive_session
[1 0] 

column ---------- device_distinct_emails_8w
[ 1  2  0 -1] 

column ---------- device_fraud_count
[0] 

column ---------- month
[0 1 2 3 4 5 6 7] 

column ---------- fraud_bool
[0 1] 

column ---------- income
[0.3 0.8 0.6 0.9 0.2 0.1 0.5 0.7 0.4] 

column ---------- name_email_similarity
[0.98650631 0.61742601 0.99670702 ... 0.14089138 0.00248024 0.99339133] 

column ---------- prev_address_months_count
[ -1   9  11  22  21  13  26  33  27  23   8  96  24  48  49  51 235 287
 152  90  20  31  10 203 106  52  53 189 140  99  46  55  30  36  29  87
  18 183 325  28 316  34  50  12  85  57  32 239 151 232 153  40 100  83
 154  25 288 182  38 103  98  92 174 144  62  56  78  43  82 166  73  95
  17 175  14 111  35 308  69 311  15  45  37  77  44  91  60 192  63 102
  97  74  89 293  88 123 209  47 238  41  58  19 190 127  84  54 181  86
 216 198  79 207 220 120 101 162 342 202 215 121 187 231 208 186 196  81
 242 122  42  94   7 304 116 107  70 273 197 265 226 195 188 143 185 164
  59 221 194  93  66 309 191 206 180 131 320 282 159 133 255  68 213  80
 201 218 268 296 104 298  39  61 214  67 105 155 237  16 125 200 135 228
 117 119 108 139 233 227 199 177 145 295  72 112 141 336   6 219 170 253
 129 317  71 179 324 323 134 326 114 110 280 168 167 225 184 136 124 300
 328 211 236 148 212 109  76 327  75 290 204 217 314 146 313 283 138 137
 301 210 130 305 330 178 319 341 229 310 281 303 245 286 258 118 291 113
 173 329 315 193 176 289 332 160 156 149 147 172 132 157 307 250 302 318
 171 169 299 165 115 128 126 321 331 222 224 333  65 230  64 343 284 234
 150 205 306 276 163 358 322 247 362 277 142 257 158 312 161 345 267 223
 297 241 275 334 339 256 278 243 338 251 285 350 292 249 337 294 263 240
 355 269 262 244 252 246 335 266 248 363 279 270 340 271 260 254 274 353
 364 346 360 349 344 348 261 359 351 347 352 264 367 272 259 356 366 361
 357 372 354 365 371 374   5 377 373 370 369 375 383 381] 

column ---------- current_address_months_count
[ 25  89  14  29 369   4 103   2 134  67  34  33 156  31  20  38 114 372
  54  60  44  30   8 203   9 104   7  35 233 174 198  72 124  18   5  19
 165 157 237 183 368 241  41  55 333  13  32 110 243 284  77  43   0  17
 360   6 182 302  76  39 177 102 309  91  74  49  37  10 130 163  69  11
 175 162  47  63  26  66  53 362  90  52  64 189 137   1 224  51 153  68
 146 128 152  70 131  62  -1 199 293 167 112  12 222  15 264 108 196 215
  23  42 138 195  56 334  27  40  71  95 272  83 147 184 158 212 164 142
  65 193  36 344 234 294  99 361  21   3  28 375 295 186  48 191  50 378
 179 160  59 120 242 261  58 155  16 230  80 376 208 188 366  24 357  87
 140  98  93 145 296 223 115 306 123 244  22  75  45 371 126 288 150 176
 254  57 105  46 173 144 171 132 267 248 365 217 200 129 278 282 148  61
 133 363  84 213 121 159 251  81 194 197 101 118 225 190 211 285 154 149
 169 308 205 135  78 178  94 170 127 192 210  86 227 238 252  73  97 299
 119 125 229 187 373 370 374 257 239 335 359 180 107 202 232 249  79  92
 122  88 303 185 318 291 181 253 201 260  85 307  82 280 172 226 336 392
 339 390 161 109 221 206 347 324 348 113 143 314 297 329 305 139 255 151
 166 236 246 116 136 381 100 235 216 322 343 268 141 379 245 312 259 356
 240 310 265 207 292 271 204 389 315 269  96 332 287 377 209 301 316 382
 258 364 338 247 168 358 220 106 219 111 281 256 327 350 266 279 270 277
 354 276 328 385 228 298 263 289 330 388 321 319 283 304 353 367 250 117
 262 337 214 231 355 416 317 275 290 218 313 311 351 345 323 273 326 352
 320 349 400 383 342 386 274 300 331 380 325 346 340 384 286 341 387 393
 397 391 410 407 396 402 408 395 418 405 399 413 401 411 406 398 394 425
 424 412 403 419 404 417 409 414 428] 

column ---------- customer_age
[40 20 30 50 60 90 80 70 10] 

column ---------- days_since_request
[0.00673539 0.0100951  0.01231635 ... 0.05928715 0.02335717 0.02042182] 

column ---------- intended_balcon_amount
[102.45371092  -0.84955097  -1.49038552 ...  50.60999507  -1.31338736
  14.94245588] 

column ---------- payment_type
['AA' 'AD' 'AB' 'AC' 'AE'] 

column ---------- zip_count_4w
[1059 1658 1095 ... 6154    4 6451] 

column ---------- velocity_6h
[13096.0350184   9223.28343093  4471.47214877 ...  1258.86493822
  7048.13712791  3737.07647922] 

column ---------- velocity_24h
[7850.95500713 5745.25148064 5471.98895801 ... 3601.32289249 6521.39501187
 3135.78809445] 

column ---------- velocity_4w
[6742.08056101 5941.66485884 5992.55511325 ... 3103.89166416 3068.26508364
 3051.00329333] 

column ---------- bank_branch_count_8w
[   5    3   15 ... 2367 2347 2332] 

column ---------- date_of_birth_distinct_emails_4w
[ 5 18 11 13  6  8  7 10 20  9 22 16 26 15 14  3 19  2 17  0 12  4 23 24
  1 21 28 29 25 27 32 30 33 31 34 35 36 37 39 38] 

column ---------- employment_status
['CB' 'CA' 'CC' 'CF' 'CD' 'CE' 'CG'] 

column ---------- credit_risk_score
[ 163  154   89   90   91  134   72   35  201  184  136   84  123   88
   80  118  137   49  268   64   52  170   57   79  191   62  113   81
   59  182   37  100  162  152  245  142  114   39  147  131  175  198
   30  194   11   18  -63  200  189   51  173  146   -9  280   61   27
  181  273   13  161  185   38   68   99   55   21  324   93   97  187
   56  144   77  246  155   82  165   45  148  117   63  102    9  101
   96  205   29   66  111  107  158  169  138   20  250  202   78  -44
   75   16  127  125  164  176   14  233   87   31   -2   92  219  223
  112  168  259  150  231  210   -6  193    7  108  320  179   22   25
   73  -19  116  287   74   65   50  299   71  143   86  121  149   -7
  141  105   26  178  206  128  269   70  153   60  305  199  133   47
  214  229  224  109  172   98  208  325  243  110  220  288  256  124
  275  104  213  132  174  196   83   76  171  190   85  177  -41   58
  180   19   28   95  203  151   23   67  122   94   33  335  251   54
   24  257  216  129  253  115  277  126  160  135  140   32  159   34
  167  192    4   53  211  226   41  207  166  157  -32  -23  183   69
  234  306   12  297  103   43  296  106   15  227  195  130  356  -26
  156  225   48  312  -80  139  263   42  252  258  -74    3  284  230
  261  212  215  300  186  248  209  120  218   40  145  278  289  -38
 -123  345  222  241  367  204  217   10  -54  244  279  254  235   -8
   44  337  240  188  119    2   -4  -30  301  326  315  334  -33  221
  239  -52  247  344   46  274    6  197  264  283  291   17  260  293
  351    0  -14  -49  232  236  237  -53  267  282  -36  -65  314  -28
  -43  304  -81  308  262  228  309  -47  265  238  272  313  369  255
    5   36  281  266  276  292  270  352  341  285  271  358  -93    1
  -83  318  -72  -39  -42  -59   -3  295  298  -48  249  355  242  327
  -69  -12  290  -67  294  347  322  -10 -144  319  -37  286    8  -13
  342  329  340  302  -87  -66  354  -84  -15  -16  -17  -18  336  307
  -20  -25  323 -132  -34  303  317  -40  331  -11  316  -91  -58  310
   -5  332 -103  311  -45  -55  -56  389   -1  370  -27  321  -76  361
  -24  -88  -86  -51  349  -61  -96  372  -21  377  -97  -62  -46 -102
  -60  -98 -108  -71  -31  346  364 -139  -50  -22  330  -70  -35  328
  -89  -75  350  -82  379 -101  -29 -107 -110  365  -95  362  -77  -92
  333 -114  -68  339  338 -140 -109  359 -111 -125 -119  375  374  376
  343  -64 -106  -85  -99  -57  360  357  348  -79 -113  -78  373  -73
 -122  385  363 -120 -105 -126  386 -115  -94 -167  368  366 -118  353
 -117  -90 -134 -100 -136 -104  387 -127 -130 -112 -133 -116 -156 -149
 -150  381  371 -124 -121 -131 -148 -164 -159 -138 -137 -145 -129 -154
 -152 -166 -147 -135 -155 -169 -128 -143  378 -168 -157 -158 -141 -146
 -165  380 -153 -170  383] 

column ---------- email_is_free
[1 0] 

column ---------- housing_status
['BC' 'BE' 'BD' 'BA' 'BB' 'BF' 'BG'] 

column ---------- phone_home_valid
[0 1] 

column ---------- phone_mobile_valid
[1 0] 

column ---------- bank_months_count
[ 9  2 30  1 26 25 15 10 -1 28 27 20  5 11  3 31 24  6 21 19 16 29  4 22
 18 14 12  8  7 23 17 32 13] 

column ---------- has_other_cards
[0 1] 

column ---------- proposed_credit_limit
[1500.  200.  500. 1000.  990.  510. 2000.  210.  490.  190. 1900. 2100.] 

column ---------- foreign_request
[0 1] 

column ---------- source
['INTERNET' 'TELEAPP'] 

column ---------- session_length_in_minutes
[16.22484343  3.36385371 22.73055923 ... 16.06859455  1.37868332
  1.94792582] 

column ---------- device_os
['linux' 'other' 'windows' 'x11' 'macintosh'] 

column ---------- keep_alive_session
[1 0] 

column ---------- device_distinct_emails_8w
[ 1  2  0 -1] 

column ---------- device_fraud_count
[0] 

column ---------- month
[0 1 2 3 4 5 6 7] 

column ---------- fraud_bool
[0 1] 

column ---------- income
[0.3 0.8 0.6 0.9 0.2 0.1 0.5 0.7 0.4] 

column ---------- name_email_similarity
[0.98650631 0.61742601 0.99670702 ... 0.14089138 0.00248024 0.99339133] 

column ---------- prev_address_months_count
[ -1   9  11  22  21  13  26  33  27  23   8  96  24  48  49  51 235 287
 152  90  20  31  10 203 106  52  53 189 140  99  46  55  30  36  29  87
  18 183 325  28 316  34  50  12  85  57  32 239 151 232 153  40 100  83
 154  25 288 182  38 103  98  92 174 144  62  56  78  43  82 166  73  95
  17 175  14 111  35 308  69 311  15  45  37  77  44  91  60 192  63 102
  97  74  89 293  88 123 209  47 238  41  58  19 190 127  84  54 181  86
 216 198  79 207 220 120 101 162 342 202 215 121 187 231 208 186 196  81
 242 122  42  94   7 304 116 107  70 273 197 265 226 195 188 143 185 164
  59 221 194  93  66 309 191 206 180 131 320 282 159 133 255  68 213  80
 201 218 268 296 104 298  39  61 214  67 105 155 237  16 125 200 135 228
 117 119 108 139 233 227 199 177 145 295  72 112 141 336   6 219 170 253
 129 317  71 179 324 323 134 326 114 110 280 168 167 225 184 136 124 300
 328 211 236 148 212 109  76 327  75 290 204 217 314 146 313 283 138 137
 301 210 130 305 330 178 319 341 229 310 281 303 245 286 258 118 291 113
 173 329 315 193 176 289 332 160 156 149 147 172 132 157 307 250 302 318
 171 169 299 165 115 128 126 321 331 222 224 333  65 230  64 343 284 234
 150 205 306 276 163 358 322 247 362 277 142 257 158 312 161 345 267 223
 297 241 275 334 339 256 278 243 338 251 285 350 292 249 337 294 263 240
 355 269 262 244 252 246 335 266 248 363 279 270 340 271 260 254 274 353
 364 346 360 349 344 348 261 359 351 347 352 264 367 272 259 356 366 361
 357 372 354 365 371 374   5 377 373 370 369 375 383 381] 

column ---------- current_address_months_count
[ 25  89  14  29 369   4 103   2 134  67  34  33 156  31  20  38 114 372
  54  60  44  30   8 203   9 104   7  35 233 174 198  72 124  18   5  19
 165 157 237 183 368 241  41  55 333  13  32 110 243 284  77  43   0  17
 360   6 182 302  76  39 177 102 309  91  74  49  37  10 130 163  69  11
 175 162  47  63  26  66  53 362  90  52  64 189 137   1 224  51 153  68
 146 128 152  70 131  62  -1 199 293 167 112  12 222  15 264 108 196 215
  23  42 138 195  56 334  27  40  71  95 272  83 147 184 158 212 164 142
  65 193  36 344 234 294  99 361  21   3  28 375 295 186  48 191  50 378
 179 160  59 120 242 261  58 155  16 230  80 376 208 188 366  24 357  87
 140  98  93 145 296 223 115 306 123 244  22  75  45 371 126 288 150 176
 254  57 105  46 173 144 171 132 267 248 365 217 200 129 278 282 148  61
 133 363  84 213 121 159 251  81 194 197 101 118 225 190 211 285 154 149
 169 308 205 135  78 178  94 170 127 192 210  86 227 238 252  73  97 299
 119 125 229 187 373 370 374 257 239 335 359 180 107 202 232 249  79  92
 122  88 303 185 318 291 181 253 201 260  85 307  82 280 172 226 336 392
 339 390 161 109 221 206 347 324 348 113 143 314 297 329 305 139 255 151
 166 236 246 116 136 381 100 235 216 322 343 268 141 379 245 312 259 356
 240 310 265 207 292 271 204 389 315 269  96 332 287 377 209 301 316 382
 258 364 338 247 168 358 220 106 219 111 281 256 327 350 266 279 270 277
 354 276 328 385 228 298 263 289 330 388 321 319 283 304 353 367 250 117
 262 337 214 231 355 416 317 275 290 218 313 311 351 345 323 273 326 352
 320 349 400 383 342 386 274 300 331 380 325 346 340 384 286 341 387 393
 397 391 410 407 396 402 408 395 418 405 399 413 401 411 406 398 394 425
 424 412 403 419 404 417 409 414 428] 

column ---------- customer_age
[40 20 30 50 60 90 80 70 10] 

column ---------- days_since_request
[0.00673539 0.0100951  0.01231635 ... 0.05928715 0.02335717 0.02042182] 

column ---------- intended_balcon_amount
[102.45371092  -0.84955097  -1.49038552 ...  50.60999507  -1.31338736
  14.94245588] 

column ---------- payment_type
['AA' 'AD' 'AB' 'AC' 'AE'] 

column ---------- zip_count_4w
[1059 1658 1095 ... 6154    4 6451] 

column ---------- velocity_6h
[13096.0350184   9223.28343093  4471.47214877 ...  1258.86493822
  7048.13712791  3737.07647922] 

column ---------- velocity_24h
[7850.95500713 5745.25148064 5471.98895801 ... 3601.32289249 6521.39501187
 3135.78809445] 

column ---------- velocity_4w
[6742.08056101 5941.66485884 5992.55511325 ... 3103.89166416 3068.26508364
 3051.00329333] 

column ---------- bank_branch_count_8w
[   5    3   15 ... 2367 2347 2332] 

column ---------- date_of_birth_distinct_emails_4w
[ 5 18 11 13  6  8  7 10 20  9 22 16 26 15 14  3 19  2 17  0 12  4 23 24
  1 21 28 29 25 27 32 30 33 31 34 35 36 37 39 38] 

column ---------- employment_status
['CB' 'CA' 'CC' 'CF' 'CD' 'CE' 'CG'] 

column ---------- credit_risk_score
[ 163  154   89   90   91  134   72   35  201  184  136   84  123   88
   80  118  137   49  268   64   52  170   57   79  191   62  113   81
   59  182   37  100  162  152  245  142  114   39  147  131  175  198
   30  194   11   18  -63  200  189   51  173  146   -9  280   61   27
  181  273   13  161  185   38   68   99   55   21  324   93   97  187
   56  144   77  246  155   82  165   45  148  117   63  102    9  101
   96  205   29   66  111  107  158  169  138   20  250  202   78  -44
   75   16  127  125  164  176   14  233   87   31   -2   92  219  223
  112  168  259  150  231  210   -6  193    7  108  320  179   22   25
   73  -19  116  287   74   65   50  299   71  143   86  121  149   -7
  141  105   26  178  206  128  269   70  153   60  305  199  133   47
  214  229  224  109  172   98  208  325  243  110  220  288  256  124
  275  104  213  132  174  196   83   76  171  190   85  177  -41   58
  180   19   28   95  203  151   23   67  122   94   33  335  251   54
   24  257  216  129  253  115  277  126  160  135  140   32  159   34
  167  192    4   53  211  226   41  207  166  157  -32  -23  183   69
  234  306   12  297  103   43  296  106   15  227  195  130  356  -26
  156  225   48  312  -80  139  263   42  252  258  -74    3  284  230
  261  212  215  300  186  248  209  120  218   40  145  278  289  -38
 -123  345  222  241  367  204  217   10  -54  244  279  254  235   -8
   44  337  240  188  119    2   -4  -30  301  326  315  334  -33  221
  239  -52  247  344   46  274    6  197  264  283  291   17  260  293
  351    0  -14  -49  232  236  237  -53  267  282  -36  -65  314  -28
  -43  304  -81  308  262  228  309  -47  265  238  272  313  369  255
    5   36  281  266  276  292  270  352  341  285  271  358  -93    1
  -83  318  -72  -39  -42  -59   -3  295  298  -48  249  355  242  327
  -69  -12  290  -67  294  347  322  -10 -144  319  -37  286    8  -13
  342  329  340  302  -87  -66  354  -84  -15  -16  -17  -18  336  307
  -20  -25  323 -132  -34  303  317  -40  331  -11  316  -91  -58  310
   -5  332 -103  311  -45  -55  -56  389   -1  370  -27  321  -76  361
  -24  -88  -86  -51  349  -61  -96  372  -21  377  -97  -62  -46 -102
  -60  -98 -108  -71  -31  346  364 -139  -50  -22  330  -70  -35  328
  -89  -75  350  -82  379 -101  -29 -107 -110  365  -95  362  -77  -92
  333 -114  -68  339  338 -140 -109  359 -111 -125 -119  375  374  376
  343  -64 -106  -85  -99  -57  360  357  348  -79 -113  -78  373  -73
 -122  385  363 -120 -105 -126  386 -115  -94 -167  368  366 -118  353
 -117  -90 -134 -100 -136 -104  387 -127 -130 -112 -133 -116 -156 -149
 -150  381  371 -124 -121 -131 -148 -164 -159 -138 -137 -145 -129 -154
 -152 -166 -147 -135 -155 -169 -128 -143  378 -168 -157 -158 -141 -146
 -165  380 -153 -170  383] 

column ---------- email_is_free
[1 0] 

column ---------- housing_status
['BC' 'BE' 'BD' 'BA' 'BB' 'BF' 'BG'] 

column ---------- phone_home_valid
[0 1] 

column ---------- phone_mobile_valid
[1 0] 

column ---------- bank_months_count
[ 9  2 30  1 26 25 15 10 -1 28 27 20  5 11  3 31 24  6 21 19 16 29  4 22
 18 14 12  8  7 23 17 32 13] 

column ---------- has_other_cards
[0 1] 

column ---------- proposed_credit_limit
[1500.  200.  500. 1000.  990.  510. 2000.  210.  490.  190. 1900. 2100.] 

column ---------- foreign_request
[0 1] 

column ---------- source
['INTERNET' 'TELEAPP'] 

column ---------- session_length_in_minutes
[16.22484343  3.36385371 22.73055923 ... 16.06859455  1.37868332
  1.94792582] 

column ---------- device_os
['linux' 'other' 'windows' 'x11' 'macintosh'] 

column ---------- keep_alive_session
[1 0] 

column ---------- device_distinct_emails_8w
[ 1  2  0 -1] 

column ---------- device_fraud_count
[0] 

column ---------- month
[0 1 2 3 4 5 6 7] 

column ---------- fraud_bool
[0 1] 

column ---------- income
[0.3 0.8 0.6 0.9 0.2 0.1 0.5 0.7 0.4] 

column ---------- name_email_similarity
[0.98650631 0.61742601 0.99670702 ... 0.14089138 0.00248024 0.99339133] 

column ---------- prev_address_months_count
[ -1   9  11  22  21  13  26  33  27  23   8  96  24  48  49  51 235 287
 152  90  20  31  10 203 106  52  53 189 140  99  46  55  30  36  29  87
  18 183 325  28 316  34  50  12  85  57  32 239 151 232 153  40 100  83
 154  25 288 182  38 103  98  92 174 144  62  56  78  43  82 166  73  95
  17 175  14 111  35 308  69 311  15  45  37  77  44  91  60 192  63 102
  97  74  89 293  88 123 209  47 238  41  58  19 190 127  84  54 181  86
 216 198  79 207 220 120 101 162 342 202 215 121 187 231 208 186 196  81
 242 122  42  94   7 304 116 107  70 273 197 265 226 195 188 143 185 164
  59 221 194  93  66 309 191 206 180 131 320 282 159 133 255  68 213  80
 201 218 268 296 104 298  39  61 214  67 105 155 237  16 125 200 135 228
 117 119 108 139 233 227 199 177 145 295  72 112 141 336   6 219 170 253
 129 317  71 179 324 323 134 326 114 110 280 168 167 225 184 136 124 300
 328 211 236 148 212 109  76 327  75 290 204 217 314 146 313 283 138 137
 301 210 130 305 330 178 319 341 229 310 281 303 245 286 258 118 291 113
 173 329 315 193 176 289 332 160 156 149 147 172 132 157 307 250 302 318
 171 169 299 165 115 128 126 321 331 222 224 333  65 230  64 343 284 234
 150 205 306 276 163 358 322 247 362 277 142 257 158 312 161 345 267 223
 297 241 275 334 339 256 278 243 338 251 285 350 292 249 337 294 263 240
 355 269 262 244 252 246 335 266 248 363 279 270 340 271 260 254 274 353
 364 346 360 349 344 348 261 359 351 347 352 264 367 272 259 356 366 361
 357 372 354 365 371 374   5 377 373 370 369 375 383 381] 

column ---------- current_address_months_count
[ 25  89  14  29 369   4 103   2 134  67  34  33 156  31  20  38 114 372
  54  60  44  30   8 203   9 104   7  35 233 174 198  72 124  18   5  19
 165 157 237 183 368 241  41  55 333  13  32 110 243 284  77  43   0  17
 360   6 182 302  76  39 177 102 309  91  74  49  37  10 130 163  69  11
 175 162  47  63  26  66  53 362  90  52  64 189 137   1 224  51 153  68
 146 128 152  70 131  62  -1 199 293 167 112  12 222  15 264 108 196 215
  23  42 138 195  56 334  27  40  71  95 272  83 147 184 158 212 164 142
  65 193  36 344 234 294  99 361  21   3  28 375 295 186  48 191  50 378
 179 160  59 120 242 261  58 155  16 230  80 376 208 188 366  24 357  87
 140  98  93 145 296 223 115 306 123 244  22  75  45 371 126 288 150 176
 254  57 105  46 173 144 171 132 267 248 365 217 200 129 278 282 148  61
 133 363  84 213 121 159 251  81 194 197 101 118 225 190 211 285 154 149
 169 308 205 135  78 178  94 170 127 192 210  86 227 238 252  73  97 299
 119 125 229 187 373 370 374 257 239 335 359 180 107 202 232 249  79  92
 122  88 303 185 318 291 181 253 201 260  85 307  82 280 172 226 336 392
 339 390 161 109 221 206 347 324 348 113 143 314 297 329 305 139 255 151
 166 236 246 116 136 381 100 235 216 322 343 268 141 379 245 312 259 356
 240 310 265 207 292 271 204 389 315 269  96 332 287 377 209 301 316 382
 258 364 338 247 168 358 220 106 219 111 281 256 327 350 266 279 270 277
 354 276 328 385 228 298 263 289 330 388 321 319 283 304 353 367 250 117
 262 337 214 231 355 416 317 275 290 218 313 311 351 345 323 273 326 352
 320 349 400 383 342 386 274 300 331 380 325 346 340 384 286 341 387 393
 397 391 410 407 396 402 408 395 418 405 399 413 401 411 406 398 394 425
 424 412 403 419 404 417 409 414 428] 

column ---------- customer_age
[40 20 30 50 60 90 80 70 10] 

column ---------- days_since_request
[0.00673539 0.0100951  0.01231635 ... 0.05928715 0.02335717 0.02042182] 

column ---------- intended_balcon_amount
[102.45371092  -0.84955097  -1.49038552 ...  50.60999507  -1.31338736
  14.94245588] 

column ---------- payment_type
['AA' 'AD' 'AB' 'AC' 'AE'] 

column ---------- zip_count_4w
[1059 1658 1095 ... 6154    4 6451] 

column ---------- velocity_6h
[13096.0350184   9223.28343093  4471.47214877 ...  1258.86493822
  7048.13712791  3737.07647922] 

column ---------- velocity_24h
[7850.95500713 5745.25148064 5471.98895801 ... 3601.32289249 6521.39501187
 3135.78809445] 

column ---------- velocity_4w
[6742.08056101 5941.66485884 5992.55511325 ... 3103.89166416 3068.26508364
 3051.00329333] 

column ---------- bank_branch_count_8w
[   5    3   15 ... 2367 2347 2332] 

column ---------- date_of_birth_distinct_emails_4w
[ 5 18 11 13  6  8  7 10 20  9 22 16 26 15 14  3 19  2 17  0 12  4 23 24
  1 21 28 29 25 27 32 30 33 31 34 35 36 37 39 38] 

column ---------- employment_status
['CB' 'CA' 'CC' 'CF' 'CD' 'CE' 'CG'] 

column ---------- credit_risk_score
[ 163  154   89   90   91  134   72   35  201  184  136   84  123   88
   80  118  137   49  268   64   52  170   57   79  191   62  113   81
   59  182   37  100  162  152  245  142  114   39  147  131  175  198
   30  194   11   18  -63  200  189   51  173  146   -9  280   61   27
  181  273   13  161  185   38   68   99   55   21  324   93   97  187
   56  144   77  246  155   82  165   45  148  117   63  102    9  101
   96  205   29   66  111  107  158  169  138   20  250  202   78  -44
   75   16  127  125  164  176   14  233   87   31   -2   92  219  223
  112  168  259  150  231  210   -6  193    7  108  320  179   22   25
   73  -19  116  287   74   65   50  299   71  143   86  121  149   -7
  141  105   26  178  206  128  269   70  153   60  305  199  133   47
  214  229  224  109  172   98  208  325  243  110  220  288  256  124
  275  104  213  132  174  196   83   76  171  190   85  177  -41   58
  180   19   28   95  203  151   23   67  122   94   33  335  251   54
   24  257  216  129  253  115  277  126  160  135  140   32  159   34
  167  192    4   53  211  226   41  207  166  157  -32  -23  183   69
  234  306   12  297  103   43  296  106   15  227  195  130  356  -26
  156  225   48  312  -80  139  263   42  252  258  -74    3  284  230
  261  212  215  300  186  248  209  120  218   40  145  278  289  -38
 -123  345  222  241  367  204  217   10  -54  244  279  254  235   -8
   44  337  240  188  119    2   -4  -30  301  326  315  334  -33  221
  239  -52  247  344   46  274    6  197  264  283  291   17  260  293
  351    0  -14  -49  232  236  237  -53  267  282  -36  -65  314  -28
  -43  304  -81  308  262  228  309  -47  265  238  272  313  369  255
    5   36  281  266  276  292  270  352  341  285  271  358  -93    1
  -83  318  -72  -39  -42  -59   -3  295  298  -48  249  355  242  327
  -69  -12  290  -67  294  347  322  -10 -144  319  -37  286    8  -13
  342  329  340  302  -87  -66  354  -84  -15  -16  -17  -18  336  307
  -20  -25  323 -132  -34  303  317  -40  331  -11  316  -91  -58  310
   -5  332 -103  311  -45  -55  -56  389   -1  370  -27  321  -76  361
  -24  -88  -86  -51  349  -61  -96  372  -21  377  -97  -62  -46 -102
  -60  -98 -108  -71  -31  346  364 -139  -50  -22  330  -70  -35  328
  -89  -75  350  -82  379 -101  -29 -107 -110  365  -95  362  -77  -92
  333 -114  -68  339  338 -140 -109  359 -111 -125 -119  375  374  376
  343  -64 -106  -85  -99  -57  360  357  348  -79 -113  -78  373  -73
 -122  385  363 -120 -105 -126  386 -115  -94 -167  368  366 -118  353
 -117  -90 -134 -100 -136 -104  387 -127 -130 -112 -133 -116 -156 -149
 -150  381  371 -124 -121 -131 -148 -164 -159 -138 -137 -145 -129 -154
 -152 -166 -147 -135 -155 -169 -128 -143  378 -168 -157 -158 -141 -146
 -165  380 -153 -170  383] 

column ---------- email_is_free
[1 0] 

column ---------- housing_status
['BC' 'BE' 'BD' 'BA' 'BB' 'BF' 'BG'] 

column ---------- phone_home_valid
[0 1] 

column ---------- phone_mobile_valid
[1 0] 

column ---------- bank_months_count
[ 9  2 30  1 26 25 15 10 -1 28 27 20  5 11  3 31 24  6 21 19 16 29  4 22
 18 14 12  8  7 23 17 32 13] 

column ---------- has_other_cards
[0 1] 

column ---------- proposed_credit_limit
[1500.  200.  500. 1000.  990.  510. 2000.  210.  490.  190. 1900. 2100.] 

column ---------- foreign_request
[0 1] 

column ---------- source
['INTERNET' 'TELEAPP'] 

column ---------- session_length_in_minutes
[16.22484343  3.36385371 22.73055923 ... 16.06859455  1.37868332
  1.94792582] 

column ---------- device_os
['linux' 'other' 'windows' 'x11' 'macintosh'] 

column ---------- keep_alive_session
[1 0] 

column ---------- device_distinct_emails_8w
[ 1  2  0 -1] 

column ---------- device_fraud_count
[0] 

column ---------- month
[0 1 2 3 4 5 6 7] 

column ---------- fraud_bool
[0 1] 

column ---------- income
[0.3 0.8 0.6 0.9 0.2 0.1 0.5 0.7 0.4] 

column ---------- name_email_similarity
[0.98650631 0.61742601 0.99670702 ... 0.14089138 0.00248024 0.99339133] 

column ---------- prev_address_months_count
[ -1   9  11  22  21  13  26  33  27  23   8  96  24  48  49  51 235 287
 152  90  20  31  10 203 106  52  53 189 140  99  46  55  30  36  29  87
  18 183 325  28 316  34  50  12  85  57  32 239 151 232 153  40 100  83
 154  25 288 182  38 103  98  92 174 144  62  56  78  43  82 166  73  95
  17 175  14 111  35 308  69 311  15  45  37  77  44  91  60 192  63 102
  97  74  89 293  88 123 209  47 238  41  58  19 190 127  84  54 181  86
 216 198  79 207 220 120 101 162 342 202 215 121 187 231 208 186 196  81
 242 122  42  94   7 304 116 107  70 273 197 265 226 195 188 143 185 164
  59 221 194  93  66 309 191 206 180 131 320 282 159 133 255  68 213  80
 201 218 268 296 104 298  39  61 214  67 105 155 237  16 125 200 135 228
 117 119 108 139 233 227 199 177 145 295  72 112 141 336   6 219 170 253
 129 317  71 179 324 323 134 326 114 110 280 168 167 225 184 136 124 300
 328 211 236 148 212 109  76 327  75 290 204 217 314 146 313 283 138 137
 301 210 130 305 330 178 319 341 229 310 281 303 245 286 258 118 291 113
 173 329 315 193 176 289 332 160 156 149 147 172 132 157 307 250 302 318
 171 169 299 165 115 128 126 321 331 222 224 333  65 230  64 343 284 234
 150 205 306 276 163 358 322 247 362 277 142 257 158 312 161 345 267 223
 297 241 275 334 339 256 278 243 338 251 285 350 292 249 337 294 263 240
 355 269 262 244 252 246 335 266 248 363 279 270 340 271 260 254 274 353
 364 346 360 349 344 348 261 359 351 347 352 264 367 272 259 356 366 361
 357 372 354 365 371 374   5 377 373 370 369 375 383 381] 

column ---------- current_address_months_count
[ 25  89  14  29 369   4 103   2 134  67  34  33 156  31  20  38 114 372
  54  60  44  30   8 203   9 104   7  35 233 174 198  72 124  18   5  19
 165 157 237 183 368 241  41  55 333  13  32 110 243 284  77  43   0  17
 360   6 182 302  76  39 177 102 309  91  74  49  37  10 130 163  69  11
 175 162  47  63  26  66  53 362  90  52  64 189 137   1 224  51 153  68
 146 128 152  70 131  62  -1 199 293 167 112  12 222  15 264 108 196 215
  23  42 138 195  56 334  27  40  71  95 272  83 147 184 158 212 164 142
  65 193  36 344 234 294  99 361  21   3  28 375 295 186  48 191  50 378
 179 160  59 120 242 261  58 155  16 230  80 376 208 188 366  24 357  87
 140  98  93 145 296 223 115 306 123 244  22  75  45 371 126 288 150 176
 254  57 105  46 173 144 171 132 267 248 365 217 200 129 278 282 148  61
 133 363  84 213 121 159 251  81 194 197 101 118 225 190 211 285 154 149
 169 308 205 135  78 178  94 170 127 192 210  86 227 238 252  73  97 299
 119 125 229 187 373 370 374 257 239 335 359 180 107 202 232 249  79  92
 122  88 303 185 318 291 181 253 201 260  85 307  82 280 172 226 336 392
 339 390 161 109 221 206 347 324 348 113 143 314 297 329 305 139 255 151
 166 236 246 116 136 381 100 235 216 322 343 268 141 379 245 312 259 356
 240 310 265 207 292 271 204 389 315 269  96 332 287 377 209 301 316 382
 258 364 338 247 168 358 220 106 219 111 281 256 327 350 266 279 270 277
 354 276 328 385 228 298 263 289 330 388 321 319 283 304 353 367 250 117
 262 337 214 231 355 416 317 275 290 218 313 311 351 345 323 273 326 352
 320 349 400 383 342 386 274 300 331 380 325 346 340 384 286 341 387 393
 397 391 410 407 396 402 408 395 418 405 399 413 401 411 406 398 394 425
 424 412 403 419 404 417 409 414 428] 

column ---------- customer_age
[40 20 30 50 60 90 80 70 10] 

column ---------- days_since_request
[0.00673539 0.0100951  0.01231635 ... 0.05928715 0.02335717 0.02042182] 

column ---------- intended_balcon_amount
[102.45371092  -0.84955097  -1.49038552 ...  50.60999507  -1.31338736
  14.94245588] 

column ---------- payment_type
['AA' 'AD' 'AB' 'AC' 'AE'] 

column ---------- zip_count_4w
[1059 1658 1095 ... 6154    4 6451] 

column ---------- velocity_6h
[13096.0350184   9223.28343093  4471.47214877 ...  1258.86493822
  7048.13712791  3737.07647922] 

column ---------- velocity_24h
[7850.95500713 5745.25148064 5471.98895801 ... 3601.32289249 6521.39501187
 3135.78809445] 

column ---------- velocity_4w
[6742.08056101 5941.66485884 5992.55511325 ... 3103.89166416 3068.26508364
 3051.00329333] 

column ---------- bank_branch_count_8w
[   5    3   15 ... 2367 2347 2332] 

column ---------- date_of_birth_distinct_emails_4w
[ 5 18 11 13  6  8  7 10 20  9 22 16 26 15 14  3 19  2 17  0 12  4 23 24
  1 21 28 29 25 27 32 30 33 31 34 35 36 37 39 38] 

column ---------- employment_status
['CB' 'CA' 'CC' 'CF' 'CD' 'CE' 'CG'] 

column ---------- credit_risk_score
[ 163  154   89   90   91  134   72   35  201  184  136   84  123   88
   80  118  137   49  268   64   52  170   57   79  191   62  113   81
   59  182   37  100  162  152  245  142  114   39  147  131  175  198
   30  194   11   18  -63  200  189   51  173  146   -9  280   61   27
  181  273   13  161  185   38   68   99   55   21  324   93   97  187
   56  144   77  246  155   82  165   45  148  117   63  102    9  101
   96  205   29   66  111  107  158  169  138   20  250  202   78  -44
   75   16  127  125  164  176   14  233   87   31   -2   92  219  223
  112  168  259  150  231  210   -6  193    7  108  320  179   22   25
   73  -19  116  287   74   65   50  299   71  143   86  121  149   -7
  141  105   26  178  206  128  269   70  153   60  305  199  133   47
  214  229  224  109  172   98  208  325  243  110  220  288  256  124
  275  104  213  132  174  196   83   76  171  190   85  177  -41   58
  180   19   28   95  203  151   23   67  122   94   33  335  251   54
   24  257  216  129  253  115  277  126  160  135  140   32  159   34
  167  192    4   53  211  226   41  207  166  157  -32  -23  183   69
  234  306   12  297  103   43  296  106   15  227  195  130  356  -26
  156  225   48  312  -80  139  263   42  252  258  -74    3  284  230
  261  212  215  300  186  248  209  120  218   40  145  278  289  -38
 -123  345  222  241  367  204  217   10  -54  244  279  254  235   -8
   44  337  240  188  119    2   -4  -30  301  326  315  334  -33  221
  239  -52  247  344   46  274    6  197  264  283  291   17  260  293
  351    0  -14  -49  232  236  237  -53  267  282  -36  -65  314  -28
  -43  304  -81  308  262  228  309  -47  265  238  272  313  369  255
    5   36  281  266  276  292  270  352  341  285  271  358  -93    1
  -83  318  -72  -39  -42  -59   -3  295  298  -48  249  355  242  327
  -69  -12  290  -67  294  347  322  -10 -144  319  -37  286    8  -13
  342  329  340  302  -87  -66  354  -84  -15  -16  -17  -18  336  307
  -20  -25  323 -132  -34  303  317  -40  331  -11  316  -91  -58  310
   -5  332 -103  311  -45  -55  -56  389   -1  370  -27  321  -76  361
  -24  -88  -86  -51  349  -61  -96  372  -21  377  -97  -62  -46 -102
  -60  -98 -108  -71  -31  346  364 -139  -50  -22  330  -70  -35  328
  -89  -75  350  -82  379 -101  -29 -107 -110  365  -95  362  -77  -92
  333 -114  -68  339  338 -140 -109  359 -111 -125 -119  375  374  376
  343  -64 -106  -85  -99  -57  360  357  348  -79 -113  -78  373  -73
 -122  385  363 -120 -105 -126  386 -115  -94 -167  368  366 -118  353
 -117  -90 -134 -100 -136 -104  387 -127 -130 -112 -133 -116 -156 -149
 -150  381  371 -124 -121 -131 -148 -164 -159 -138 -137 -145 -129 -154
 -152 -166 -147 -135 -155 -169 -128 -143  378 -168 -157 -158 -141 -146
 -165  380 -153 -170  383] 

column ---------- email_is_free
[1 0] 

column ---------- housing_status
['BC' 'BE' 'BD' 'BA' 'BB' 'BF' 'BG'] 

column ---------- phone_home_valid
[0 1] 

column ---------- phone_mobile_valid
[1 0] 

column ---------- bank_months_count
[ 9  2 30  1 26 25 15 10 -1 28 27 20  5 11  3 31 24  6 21 19 16 29  4 22
 18 14 12  8  7 23 17 32 13] 

column ---------- has_other_cards
[0 1] 

column ---------- proposed_credit_limit
[1500.  200.  500. 1000.  990.  510. 2000.  210.  490.  190. 1900. 2100.] 

column ---------- foreign_request
[0 1] 

column ---------- source
['INTERNET' 'TELEAPP'] 

column ---------- session_length_in_minutes
[16.22484343  3.36385371 22.73055923 ... 16.06859455  1.37868332
  1.94792582] 

column ---------- device_os
['linux' 'other' 'windows' 'x11' 'macintosh'] 

column ---------- keep_alive_session
[1 0] 

column ---------- device_distinct_emails_8w
[ 1  2  0 -1] 

column ---------- device_fraud_count
[0] 

column ---------- month
[0 1 2 3 4 5 6 7] 

column ---------- fraud_bool
[0 1] 

column ---------- income
[0.3 0.8 0.6 0.9 0.2 0.1 0.5 0.7 0.4] 

column ---------- name_email_similarity
[0.98650631 0.61742601 0.99670702 ... 0.14089138 0.00248024 0.99339133] 

column ---------- prev_address_months_count
[ -1   9  11  22  21  13  26  33  27  23   8  96  24  48  49  51 235 287
 152  90  20  31  10 203 106  52  53 189 140  99  46  55  30  36  29  87
  18 183 325  28 316  34  50  12  85  57  32 239 151 232 153  40 100  83
 154  25 288 182  38 103  98  92 174 144  62  56  78  43  82 166  73  95
  17 175  14 111  35 308  69 311  15  45  37  77  44  91  60 192  63 102
  97  74  89 293  88 123 209  47 238  41  58  19 190 127  84  54 181  86
 216 198  79 207 220 120 101 162 342 202 215 121 187 231 208 186 196  81
 242 122  42  94   7 304 116 107  70 273 197 265 226 195 188 143 185 164
  59 221 194  93  66 309 191 206 180 131 320 282 159 133 255  68 213  80
 201 218 268 296 104 298  39  61 214  67 105 155 237  16 125 200 135 228
 117 119 108 139 233 227 199 177 145 295  72 112 141 336   6 219 170 253
 129 317  71 179 324 323 134 326 114 110 280 168 167 225 184 136 124 300
 328 211 236 148 212 109  76 327  75 290 204 217 314 146 313 283 138 137
 301 210 130 305 330 178 319 341 229 310 281 303 245 286 258 118 291 113
 173 329 315 193 176 289 332 160 156 149 147 172 132 157 307 250 302 318
 171 169 299 165 115 128 126 321 331 222 224 333  65 230  64 343 284 234
 150 205 306 276 163 358 322 247 362 277 142 257 158 312 161 345 267 223
 297 241 275 334 339 256 278 243 338 251 285 350 292 249 337 294 263 240
 355 269 262 244 252 246 335 266 248 363 279 270 340 271 260 254 274 353
 364 346 360 349 344 348 261 359 351 347 352 264 367 272 259 356 366 361
 357 372 354 365 371 374   5 377 373 370 369 375 383 381] 

column ---------- current_address_months_count
[ 25  89  14  29 369   4 103   2 134  67  34  33 156  31  20  38 114 372
  54  60  44  30   8 203   9 104   7  35 233 174 198  72 124  18   5  19
 165 157 237 183 368 241  41  55 333  13  32 110 243 284  77  43   0  17
 360   6 182 302  76  39 177 102 309  91  74  49  37  10 130 163  69  11
 175 162  47  63  26  66  53 362  90  52  64 189 137   1 224  51 153  68
 146 128 152  70 131  62  -1 199 293 167 112  12 222  15 264 108 196 215
  23  42 138 195  56 334  27  40  71  95 272  83 147 184 158 212 164 142
  65 193  36 344 234 294  99 361  21   3  28 375 295 186  48 191  50 378
 179 160  59 120 242 261  58 155  16 230  80 376 208 188 366  24 357  87
 140  98  93 145 296 223 115 306 123 244  22  75  45 371 126 288 150 176
 254  57 105  46 173 144 171 132 267 248 365 217 200 129 278 282 148  61
 133 363  84 213 121 159 251  81 194 197 101 118 225 190 211 285 154 149
 169 308 205 135  78 178  94 170 127 192 210  86 227 238 252  73  97 299
 119 125 229 187 373 370 374 257 239 335 359 180 107 202 232 249  79  92
 122  88 303 185 318 291 181 253 201 260  85 307  82 280 172 226 336 392
 339 390 161 109 221 206 347 324 348 113 143 314 297 329 305 139 255 151
 166 236 246 116 136 381 100 235 216 322 343 268 141 379 245 312 259 356
 240 310 265 207 292 271 204 389 315 269  96 332 287 377 209 301 316 382
 258 364 338 247 168 358 220 106 219 111 281 256 327 350 266 279 270 277
 354 276 328 385 228 298 263 289 330 388 321 319 283 304 353 367 250 117
 262 337 214 231 355 416 317 275 290 218 313 311 351 345 323 273 326 352
 320 349 400 383 342 386 274 300 331 380 325 346 340 384 286 341 387 393
 397 391 410 407 396 402 408 395 418 405 399 413 401 411 406 398 394 425
 424 412 403 419 404 417 409 414 428] 

column ---------- customer_age
[40 20 30 50 60 90 80 70 10] 

column ---------- days_since_request
[0.00673539 0.0100951  0.01231635 ... 0.05928715 0.02335717 0.02042182] 

column ---------- intended_balcon_amount
[102.45371092  -0.84955097  -1.49038552 ...  50.60999507  -1.31338736
  14.94245588] 

column ---------- payment_type
['AA' 'AD' 'AB' 'AC' 'AE'] 

column ---------- zip_count_4w
[1059 1658 1095 ... 6154    4 6451] 

column ---------- velocity_6h
[13096.0350184   9223.28343093  4471.47214877 ...  1258.86493822
  7048.13712791  3737.07647922] 

column ---------- velocity_24h
[7850.95500713 5745.25148064 5471.98895801 ... 3601.32289249 6521.39501187
 3135.78809445] 

column ---------- velocity_4w
[6742.08056101 5941.66485884 5992.55511325 ... 3103.89166416 3068.26508364
 3051.00329333] 

column ---------- bank_branch_count_8w
[   5    3   15 ... 2367 2347 2332] 

column ---------- date_of_birth_distinct_emails_4w
[ 5 18 11 13  6  8  7 10 20  9 22 16 26 15 14  3 19  2 17  0 12  4 23 24
  1 21 28 29 25 27 32 30 33 31 34 35 36 37 39 38] 

column ---------- employment_status
['CB' 'CA' 'CC' 'CF' 'CD' 'CE' 'CG'] 

column ---------- credit_risk_score
[ 163  154   89   90   91  134   72   35  201  184  136   84  123   88
   80  118  137   49  268   64   52  170   57   79  191   62  113   81
   59  182   37  100  162  152  245  142  114   39  147  131  175  198
   30  194   11   18  -63  200  189   51  173  146   -9  280   61   27
  181  273   13  161  185   38   68   99   55   21  324   93   97  187
   56  144   77  246  155   82  165   45  148  117   63  102    9  101
   96  205   29   66  111  107  158  169  138   20  250  202   78  -44
   75   16  127  125  164  176   14  233   87   31   -2   92  219  223
  112  168  259  150  231  210   -6  193    7  108  320  179   22   25
   73  -19  116  287   74   65   50  299   71  143   86  121  149   -7
  141  105   26  178  206  128  269   70  153   60  305  199  133   47
  214  229  224  109  172   98  208  325  243  110  220  288  256  124
  275  104  213  132  174  196   83   76  171  190   85  177  -41   58
  180   19   28   95  203  151   23   67  122   94   33  335  251   54
   24  257  216  129  253  115  277  126  160  135  140   32  159   34
  167  192    4   53  211  226   41  207  166  157  -32  -23  183   69
  234  306   12  297  103   43  296  106   15  227  195  130  356  -26
  156  225   48  312  -80  139  263   42  252  258  -74    3  284  230
  261  212  215  300  186  248  209  120  218   40  145  278  289  -38
 -123  345  222  241  367  204  217   10  -54  244  279  254  235   -8
   44  337  240  188  119    2   -4  -30  301  326  315  334  -33  221
  239  -52  247  344   46  274    6  197  264  283  291   17  260  293
  351    0  -14  -49  232  236  237  -53  267  282  -36  -65  314  -28
  -43  304  -81  308  262  228  309  -47  265  238  272  313  369  255
    5   36  281  266  276  292  270  352  341  285  271  358  -93    1
  -83  318  -72  -39  -42  -59   -3  295  298  -48  249  355  242  327
  -69  -12  290  -67  294  347  322  -10 -144  319  -37  286    8  -13
  342  329  340  302  -87  -66  354  -84  -15  -16  -17  -18  336  307
  -20  -25  323 -132  -34  303  317  -40  331  -11  316  -91  -58  310
   -5  332 -103  311  -45  -55  -56  389   -1  370  -27  321  -76  361
  -24  -88  -86  -51  349  -61  -96  372  -21  377  -97  -62  -46 -102
  -60  -98 -108  -71  -31  346  364 -139  -50  -22  330  -70  -35  328
  -89  -75  350  -82  379 -101  -29 -107 -110  365  -95  362  -77  -92
  333 -114  -68  339  338 -140 -109  359 -111 -125 -119  375  374  376
  343  -64 -106  -85  -99  -57  360  357  348  -79 -113  -78  373  -73
 -122  385  363 -120 -105 -126  386 -115  -94 -167  368  366 -118  353
 -117  -90 -134 -100 -136 -104  387 -127 -130 -112 -133 -116 -156 -149
 -150  381  371 -124 -121 -131 -148 -164 -159 -138 -137 -145 -129 -154
 -152 -166 -147 -135 -155 -169 -128 -143  378 -168 -157 -158 -141 -146
 -165  380 -153 -170  383] 

column ---------- email_is_free
[1 0] 

column ---------- housing_status
['BC' 'BE' 'BD' 'BA' 'BB' 'BF' 'BG'] 

column ---------- phone_home_valid
[0 1] 

column ---------- phone_mobile_valid
[1 0] 

column ---------- bank_months_count
[ 9  2 30  1 26 25 15 10 -1 28 27 20  5 11  3 31 24  6 21 19 16 29  4 22
 18 14 12  8  7 23 17 32 13] 

column ---------- has_other_cards
[0 1] 

column ---------- proposed_credit_limit
[1500.  200.  500. 1000.  990.  510. 2000.  210.  490.  190. 1900. 2100.] 

column ---------- foreign_request
[0 1] 

column ---------- source
['INTERNET' 'TELEAPP'] 

column ---------- session_length_in_minutes
[16.22484343  3.36385371 22.73055923 ... 16.06859455  1.37868332
  1.94792582] 

column ---------- device_os
['linux' 'other' 'windows' 'x11' 'macintosh'] 

column ---------- keep_alive_session
[1 0] 

column ---------- device_distinct_emails_8w
[ 1  2  0 -1] 

column ---------- device_fraud_count
[0] 

column ---------- month
[0 1 2 3 4 5 6 7] 

column ---------- fraud_bool
[0 1] 

column ---------- income
[0.3 0.8 0.6 0.9 0.2 0.1 0.5 0.7 0.4] 

column ---------- name_email_similarity
[0.98650631 0.61742601 0.99670702 ... 0.14089138 0.00248024 0.99339133] 

column ---------- prev_address_months_count
[ -1   9  11  22  21  13  26  33  27  23   8  96  24  48  49  51 235 287
 152  90  20  31  10 203 106  52  53 189 140  99  46  55  30  36  29  87
  18 183 325  28 316  34  50  12  85  57  32 239 151 232 153  40 100  83
 154  25 288 182  38 103  98  92 174 144  62  56  78  43  82 166  73  95
  17 175  14 111  35 308  69 311  15  45  37  77  44  91  60 192  63 102
  97  74  89 293  88 123 209  47 238  41  58  19 190 127  84  54 181  86
 216 198  79 207 220 120 101 162 342 202 215 121 187 231 208 186 196  81
 242 122  42  94   7 304 116 107  70 273 197 265 226 195 188 143 185 164
  59 221 194  93  66 309 191 206 180 131 320 282 159 133 255  68 213  80
 201 218 268 296 104 298  39  61 214  67 105 155 237  16 125 200 135 228
 117 119 108 139 233 227 199 177 145 295  72 112 141 336   6 219 170 253
 129 317  71 179 324 323 134 326 114 110 280 168 167 225 184 136 124 300
 328 211 236 148 212 109  76 327  75 290 204 217 314 146 313 283 138 137
 301 210 130 305 330 178 319 341 229 310 281 303 245 286 258 118 291 113
 173 329 315 193 176 289 332 160 156 149 147 172 132 157 307 250 302 318
 171 169 299 165 115 128 126 321 331 222 224 333  65 230  64 343 284 234
 150 205 306 276 163 358 322 247 362 277 142 257 158 312 161 345 267 223
 297 241 275 334 339 256 278 243 338 251 285 350 292 249 337 294 263 240
 355 269 262 244 252 246 335 266 248 363 279 270 340 271 260 254 274 353
 364 346 360 349 344 348 261 359 351 347 352 264 367 272 259 356 366 361
 357 372 354 365 371 374   5 377 373 370 369 375 383 381] 

column ---------- current_address_months_count
[ 25  89  14  29 369   4 103   2 134  67  34  33 156  31  20  38 114 372
  54  60  44  30   8 203   9 104   7  35 233 174 198  72 124  18   5  19
 165 157 237 183 368 241  41  55 333  13  32 110 243 284  77  43   0  17
 360   6 182 302  76  39 177 102 309  91  74  49  37  10 130 163  69  11
 175 162  47  63  26  66  53 362  90  52  64 189 137   1 224  51 153  68
 146 128 152  70 131  62  -1 199 293 167 112  12 222  15 264 108 196 215
  23  42 138 195  56 334  27  40  71  95 272  83 147 184 158 212 164 142
  65 193  36 344 234 294  99 361  21   3  28 375 295 186  48 191  50 378
 179 160  59 120 242 261  58 155  16 230  80 376 208 188 366  24 357  87
 140  98  93 145 296 223 115 306 123 244  22  75  45 371 126 288 150 176
 254  57 105  46 173 144 171 132 267 248 365 217 200 129 278 282 148  61
 133 363  84 213 121 159 251  81 194 197 101 118 225 190 211 285 154 149
 169 308 205 135  78 178  94 170 127 192 210  86 227 238 252  73  97 299
 119 125 229 187 373 370 374 257 239 335 359 180 107 202 232 249  79  92
 122  88 303 185 318 291 181 253 201 260  85 307  82 280 172 226 336 392
 339 390 161 109 221 206 347 324 348 113 143 314 297 329 305 139 255 151
 166 236 246 116 136 381 100 235 216 322 343 268 141 379 245 312 259 356
 240 310 265 207 292 271 204 389 315 269  96 332 287 377 209 301 316 382
 258 364 338 247 168 358 220 106 219 111 281 256 327 350 266 279 270 277
 354 276 328 385 228 298 263 289 330 388 321 319 283 304 353 367 250 117
 262 337 214 231 355 416 317 275 290 218 313 311 351 345 323 273 326 352
 320 349 400 383 342 386 274 300 331 380 325 346 340 384 286 341 387 393
 397 391 410 407 396 402 408 395 418 405 399 413 401 411 406 398 394 425
 424 412 403 419 404 417 409 414 428] 

column ---------- customer_age
[40 20 30 50 60 90 80 70 10] 

column ---------- days_since_request
[0.00673539 0.0100951  0.01231635 ... 0.05928715 0.02335717 0.02042182] 

column ---------- intended_balcon_amount
[102.45371092  -0.84955097  -1.49038552 ...  50.60999507  -1.31338736
  14.94245588] 

column ---------- payment_type
['AA' 'AD' 'AB' 'AC' 'AE'] 

column ---------- zip_count_4w
[1059 1658 1095 ... 6154    4 6451] 

column ---------- velocity_6h
[13096.0350184   9223.28343093  4471.47214877 ...  1258.86493822
  7048.13712791  3737.07647922] 

column ---------- velocity_24h
[7850.95500713 5745.25148064 5471.98895801 ... 3601.32289249 6521.39501187
 3135.78809445] 

column ---------- velocity_4w
[6742.08056101 5941.66485884 5992.55511325 ... 3103.89166416 3068.26508364
 3051.00329333] 

column ---------- bank_branch_count_8w
[   5    3   15 ... 2367 2347 2332] 

column ---------- date_of_birth_distinct_emails_4w
[ 5 18 11 13  6  8  7 10 20  9 22 16 26 15 14  3 19  2 17  0 12  4 23 24
  1 21 28 29 25 27 32 30 33 31 34 35 36 37 39 38] 

column ---------- employment_status
['CB' 'CA' 'CC' 'CF' 'CD' 'CE' 'CG'] 

column ---------- credit_risk_score
[ 163  154   89   90   91  134   72   35  201  184  136   84  123   88
   80  118  137   49  268   64   52  170   57   79  191   62  113   81
   59  182   37  100  162  152  245  142  114   39  147  131  175  198
   30  194   11   18  -63  200  189   51  173  146   -9  280   61   27
  181  273   13  161  185   38   68   99   55   21  324   93   97  187
   56  144   77  246  155   82  165   45  148  117   63  102    9  101
   96  205   29   66  111  107  158  169  138   20  250  202   78  -44
   75   16  127  125  164  176   14  233   87   31   -2   92  219  223
  112  168  259  150  231  210   -6  193    7  108  320  179   22   25
   73  -19  116  287   74   65   50  299   71  143   86  121  149   -7
  141  105   26  178  206  128  269   70  153   60  305  199  133   47
  214  229  224  109  172   98  208  325  243  110  220  288  256  124
  275  104  213  132  174  196   83   76  171  190   85  177  -41   58
  180   19   28   95  203  151   23   67  122   94   33  335  251   54
   24  257  216  129  253  115  277  126  160  135  140   32  159   34
  167  192    4   53  211  226   41  207  166  157  -32  -23  183   69
  234  306   12  297  103   43  296  106   15  227  195  130  356  -26
  156  225   48  312  -80  139  263   42  252  258  -74    3  284  230
  261  212  215  300  186  248  209  120  218   40  145  278  289  -38
 -123  345  222  241  367  204  217   10  -54  244  279  254  235   -8
   44  337  240  188  119    2   -4  -30  301  326  315  334  -33  221
  239  -52  247  344   46  274    6  197  264  283  291   17  260  293
  351    0  -14  -49  232  236  237  -53  267  282  -36  -65  314  -28
  -43  304  -81  308  262  228  309  -47  265  238  272  313  369  255
    5   36  281  266  276  292  270  352  341  285  271  358  -93    1
  -83  318  -72  -39  -42  -59   -3  295  298  -48  249  355  242  327
  -69  -12  290  -67  294  347  322  -10 -144  319  -37  286    8  -13
  342  329  340  302  -87  -66  354  -84  -15  -16  -17  -18  336  307
  -20  -25  323 -132  -34  303  317  -40  331  -11  316  -91  -58  310
   -5  332 -103  311  -45  -55  -56  389   -1  370  -27  321  -76  361
  -24  -88  -86  -51  349  -61  -96  372  -21  377  -97  -62  -46 -102
  -60  -98 -108  -71  -31  346  364 -139  -50  -22  330  -70  -35  328
  -89  -75  350  -82  379 -101  -29 -107 -110  365  -95  362  -77  -92
  333 -114  -68  339  338 -140 -109  359 -111 -125 -119  375  374  376
  343  -64 -106  -85  -99  -57  360  357  348  -79 -113  -78  373  -73
 -122  385  363 -120 -105 -126  386 -115  -94 -167  368  366 -118  353
 -117  -90 -134 -100 -136 -104  387 -127 -130 -112 -133 -116 -156 -149
 -150  381  371 -124 -121 -131 -148 -164 -159 -138 -137 -145 -129 -154
 -152 -166 -147 -135 -155 -169 -128 -143  378 -168 -157 -158 -141 -146
 -165  380 -153 -170  383] 

column ---------- email_is_free
[1 0] 

column ---------- housing_status
['BC' 'BE' 'BD' 'BA' 'BB' 'BF' 'BG'] 

column ---------- phone_home_valid
[0 1] 

column ---------- phone_mobile_valid
[1 0] 

column ---------- bank_months_count
[ 9  2 30  1 26 25 15 10 -1 28 27 20  5 11  3 31 24  6 21 19 16 29  4 22
 18 14 12  8  7 23 17 32 13] 

column ---------- has_other_cards
[0 1] 

column ---------- proposed_credit_limit
[1500.  200.  500. 1000.  990.  510. 2000.  210.  490.  190. 1900. 2100.] 

column ---------- foreign_request
[0 1] 

column ---------- source
['INTERNET' 'TELEAPP'] 

column ---------- session_length_in_minutes
[16.22484343  3.36385371 22.73055923 ... 16.06859455  1.37868332
  1.94792582] 

column ---------- device_os
['linux' 'other' 'windows' 'x11' 'macintosh'] 

column ---------- keep_alive_session
[1 0] 

column ---------- device_distinct_emails_8w
[ 1  2  0 -1] 

column ---------- device_fraud_count
[0] 

column ---------- month
[0 1 2 3 4 5 6 7] 

column ---------- fraud_bool
[0 1] 

column ---------- income
[0.3 0.8 0.6 0.9 0.2 0.1 0.5 0.7 0.4] 

column ---------- name_email_similarity
[0.98650631 0.61742601 0.99670702 ... 0.14089138 0.00248024 0.99339133] 

column ---------- prev_address_months_count
[ -1   9  11  22  21  13  26  33  27  23   8  96  24  48  49  51 235 287
 152  90  20  31  10 203 106  52  53 189 140  99  46  55  30  36  29  87
  18 183 325  28 316  34  50  12  85  57  32 239 151 232 153  40 100  83
 154  25 288 182  38 103  98  92 174 144  62  56  78  43  82 166  73  95
  17 175  14 111  35 308  69 311  15  45  37  77  44  91  60 192  63 102
  97  74  89 293  88 123 209  47 238  41  58  19 190 127  84  54 181  86
 216 198  79 207 220 120 101 162 342 202 215 121 187 231 208 186 196  81
 242 122  42  94   7 304 116 107  70 273 197 265 226 195 188 143 185 164
  59 221 194  93  66 309 191 206 180 131 320 282 159 133 255  68 213  80
 201 218 268 296 104 298  39  61 214  67 105 155 237  16 125 200 135 228
 117 119 108 139 233 227 199 177 145 295  72 112 141 336   6 219 170 253
 129 317  71 179 324 323 134 326 114 110 280 168 167 225 184 136 124 300
 328 211 236 148 212 109  76 327  75 290 204 217 314 146 313 283 138 137
 301 210 130 305 330 178 319 341 229 310 281 303 245 286 258 118 291 113
 173 329 315 193 176 289 332 160 156 149 147 172 132 157 307 250 302 318
 171 169 299 165 115 128 126 321 331 222 224 333  65 230  64 343 284 234
 150 205 306 276 163 358 322 247 362 277 142 257 158 312 161 345 267 223
 297 241 275 334 339 256 278 243 338 251 285 350 292 249 337 294 263 240
 355 269 262 244 252 246 335 266 248 363 279 270 340 271 260 254 274 353
 364 346 360 349 344 348 261 359 351 347 352 264 367 272 259 356 366 361
 357 372 354 365 371 374   5 377 373 370 369 375 383 381] 

column ---------- current_address_months_count
[ 25  89  14  29 369   4 103   2 134  67  34  33 156  31  20  38 114 372
  54  60  44  30   8 203   9 104   7  35 233 174 198  72 124  18   5  19
 165 157 237 183 368 241  41  55 333  13  32 110 243 284  77  43   0  17
 360   6 182 302  76  39 177 102 309  91  74  49  37  10 130 163  69  11
 175 162  47  63  26  66  53 362  90  52  64 189 137   1 224  51 153  68
 146 128 152  70 131  62  -1 199 293 167 112  12 222  15 264 108 196 215
  23  42 138 195  56 334  27  40  71  95 272  83 147 184 158 212 164 142
  65 193  36 344 234 294  99 361  21   3  28 375 295 186  48 191  50 378
 179 160  59 120 242 261  58 155  16 230  80 376 208 188 366  24 357  87
 140  98  93 145 296 223 115 306 123 244  22  75  45 371 126 288 150 176
 254  57 105  46 173 144 171 132 267 248 365 217 200 129 278 282 148  61
 133 363  84 213 121 159 251  81 194 197 101 118 225 190 211 285 154 149
 169 308 205 135  78 178  94 170 127 192 210  86 227 238 252  73  97 299
 119 125 229 187 373 370 374 257 239 335 359 180 107 202 232 249  79  92
 122  88 303 185 318 291 181 253 201 260  85 307  82 280 172 226 336 392
 339 390 161 109 221 206 347 324 348 113 143 314 297 329 305 139 255 151
 166 236 246 116 136 381 100 235 216 322 343 268 141 379 245 312 259 356
 240 310 265 207 292 271 204 389 315 269  96 332 287 377 209 301 316 382
 258 364 338 247 168 358 220 106 219 111 281 256 327 350 266 279 270 277
 354 276 328 385 228 298 263 289 330 388 321 319 283 304 353 367 250 117
 262 337 214 231 355 416 317 275 290 218 313 311 351 345 323 273 326 352
 320 349 400 383 342 386 274 300 331 380 325 346 340 384 286 341 387 393
 397 391 410 407 396 402 408 395 418 405 399 413 401 411 406 398 394 425
 424 412 403 419 404 417 409 414 428] 

column ---------- customer_age
[40 20 30 50 60 90 80 70 10] 

column ---------- days_since_request
[0.00673539 0.0100951  0.01231635 ... 0.05928715 0.02335717 0.02042182] 

column ---------- intended_balcon_amount
[102.45371092  -0.84955097  -1.49038552 ...  50.60999507  -1.31338736
  14.94245588] 

column ---------- payment_type
['AA' 'AD' 'AB' 'AC' 'AE'] 

column ---------- zip_count_4w
[1059 1658 1095 ... 6154    4 6451] 

column ---------- velocity_6h
[13096.0350184   9223.28343093  4471.47214877 ...  1258.86493822
  7048.13712791  3737.07647922] 

column ---------- velocity_24h
[7850.95500713 5745.25148064 5471.98895801 ... 3601.32289249 6521.39501187
 3135.78809445] 

column ---------- velocity_4w
[6742.08056101 5941.66485884 5992.55511325 ... 3103.89166416 3068.26508364
 3051.00329333] 

column ---------- bank_branch_count_8w
[   5    3   15 ... 2367 2347 2332] 

column ---------- date_of_birth_distinct_emails_4w
[ 5 18 11 13  6  8  7 10 20  9 22 16 26 15 14  3 19  2 17  0 12  4 23 24
  1 21 28 29 25 27 32 30 33 31 34 35 36 37 39 38] 

column ---------- employment_status
['CB' 'CA' 'CC' 'CF' 'CD' 'CE' 'CG'] 

column ---------- credit_risk_score
[ 163  154   89   90   91  134   72   35  201  184  136   84  123   88
   80  118  137   49  268   64   52  170   57   79  191   62  113   81
   59  182   37  100  162  152  245  142  114   39  147  131  175  198
   30  194   11   18  -63  200  189   51  173  146   -9  280   61   27
  181  273   13  161  185   38   68   99   55   21  324   93   97  187
   56  144   77  246  155   82  165   45  148  117   63  102    9  101
   96  205   29   66  111  107  158  169  138   20  250  202   78  -44
   75   16  127  125  164  176   14  233   87   31   -2   92  219  223
  112  168  259  150  231  210   -6  193    7  108  320  179   22   25
   73  -19  116  287   74   65   50  299   71  143   86  121  149   -7
  141  105   26  178  206  128  269   70  153   60  305  199  133   47
  214  229  224  109  172   98  208  325  243  110  220  288  256  124
  275  104  213  132  174  196   83   76  171  190   85  177  -41   58
  180   19   28   95  203  151   23   67  122   94   33  335  251   54
   24  257  216  129  253  115  277  126  160  135  140   32  159   34
  167  192    4   53  211  226   41  207  166  157  -32  -23  183   69
  234  306   12  297  103   43  296  106   15  227  195  130  356  -26
  156  225   48  312  -80  139  263   42  252  258  -74    3  284  230
  261  212  215  300  186  248  209  120  218   40  145  278  289  -38
 -123  345  222  241  367  204  217   10  -54  244  279  254  235   -8
   44  337  240  188  119    2   -4  -30  301  326  315  334  -33  221
  239  -52  247  344   46  274    6  197  264  283  291   17  260  293
  351    0  -14  -49  232  236  237  -53  267  282  -36  -65  314  -28
  -43  304  -81  308  262  228  309  -47  265  238  272  313  369  255
    5   36  281  266  276  292  270  352  341  285  271  358  -93    1
  -83  318  -72  -39  -42  -59   -3  295  298  -48  249  355  242  327
  -69  -12  290  -67  294  347  322  -10 -144  319  -37  286    8  -13
  342  329  340  302  -87  -66  354  -84  -15  -16  -17  -18  336  307
  -20  -25  323 -132  -34  303  317  -40  331  -11  316  -91  -58  310
   -5  332 -103  311  -45  -55  -56  389   -1  370  -27  321  -76  361
  -24  -88  -86  -51  349  -61  -96  372  -21  377  -97  -62  -46 -102
  -60  -98 -108  -71  -31  346  364 -139  -50  -22  330  -70  -35  328
  -89  -75  350  -82  379 -101  -29 -107 -110  365  -95  362  -77  -92
  333 -114  -68  339  338 -140 -109  359 -111 -125 -119  375  374  376
  343  -64 -106  -85  -99  -57  360  357  348  -79 -113  -78  373  -73
 -122  385  363 -120 -105 -126  386 -115  -94 -167  368  366 -118  353
 -117  -90 -134 -100 -136 -104  387 -127 -130 -112 -133 -116 -156 -149
 -150  381  371 -124 -121 -131 -148 -164 -159 -138 -137 -145 -129 -154
 -152 -166 -147 -135 -155 -169 -128 -143  378 -168 -157 -158 -141 -146
 -165  380 -153 -170  383] 

column ---------- email_is_free
[1 0] 

column ---------- housing_status
['BC' 'BE' 'BD' 'BA' 'BB' 'BF' 'BG'] 

column ---------- phone_home_valid
[0 1] 

column ---------- phone_mobile_valid
[1 0] 

column ---------- bank_months_count
[ 9  2 30  1 26 25 15 10 -1 28 27 20  5 11  3 31 24  6 21 19 16 29  4 22
 18 14 12  8  7 23 17 32 13] 

column ---------- has_other_cards
[0 1] 

column ---------- proposed_credit_limit
[1500.  200.  500. 1000.  990.  510. 2000.  210.  490.  190. 1900. 2100.] 

column ---------- foreign_request
[0 1] 

column ---------- source
['INTERNET' 'TELEAPP'] 

column ---------- session_length_in_minutes
[16.22484343  3.36385371 22.73055923 ... 16.06859455  1.37868332
  1.94792582] 

column ---------- device_os
['linux' 'other' 'windows' 'x11' 'macintosh'] 

column ---------- keep_alive_session
[1 0] 

column ---------- device_distinct_emails_8w
[ 1  2  0 -1] 

column ---------- device_fraud_count
[0] 

column ---------- month
[0 1 2 3 4 5 6 7] 

column ---------- fraud_bool
[0 1] 

column ---------- income
[0.3 0.8 0.6 0.9 0.2 0.1 0.5 0.7 0.4] 

column ---------- name_email_similarity
[0.98650631 0.61742601 0.99670702 ... 0.14089138 0.00248024 0.99339133] 

column ---------- prev_address_months_count
[ -1   9  11  22  21  13  26  33  27  23   8  96  24  48  49  51 235 287
 152  90  20  31  10 203 106  52  53 189 140  99  46  55  30  36  29  87
  18 183 325  28 316  34  50  12  85  57  32 239 151 232 153  40 100  83
 154  25 288 182  38 103  98  92 174 144  62  56  78  43  82 166  73  95
  17 175  14 111  35 308  69 311  15  45  37  77  44  91  60 192  63 102
  97  74  89 293  88 123 209  47 238  41  58  19 190 127  84  54 181  86
 216 198  79 207 220 120 101 162 342 202 215 121 187 231 208 186 196  81
 242 122  42  94   7 304 116 107  70 273 197 265 226 195 188 143 185 164
  59 221 194  93  66 309 191 206 180 131 320 282 159 133 255  68 213  80
 201 218 268 296 104 298  39  61 214  67 105 155 237  16 125 200 135 228
 117 119 108 139 233 227 199 177 145 295  72 112 141 336   6 219 170 253
 129 317  71 179 324 323 134 326 114 110 280 168 167 225 184 136 124 300
 328 211 236 148 212 109  76 327  75 290 204 217 314 146 313 283 138 137
 301 210 130 305 330 178 319 341 229 310 281 303 245 286 258 118 291 113
 173 329 315 193 176 289 332 160 156 149 147 172 132 157 307 250 302 318
 171 169 299 165 115 128 126 321 331 222 224 333  65 230  64 343 284 234
 150 205 306 276 163 358 322 247 362 277 142 257 158 312 161 345 267 223
 297 241 275 334 339 256 278 243 338 251 285 350 292 249 337 294 263 240
 355 269 262 244 252 246 335 266 248 363 279 270 340 271 260 254 274 353
 364 346 360 349 344 348 261 359 351 347 352 264 367 272 259 356 366 361
 357 372 354 365 371 374   5 377 373 370 369 375 383 381] 

column ---------- current_address_months_count
[ 25  89  14  29 369   4 103   2 134  67  34  33 156  31  20  38 114 372
  54  60  44  30   8 203   9 104   7  35 233 174 198  72 124  18   5  19
 165 157 237 183 368 241  41  55 333  13  32 110 243 284  77  43   0  17
 360   6 182 302  76  39 177 102 309  91  74  49  37  10 130 163  69  11
 175 162  47  63  26  66  53 362  90  52  64 189 137   1 224  51 153  68
 146 128 152  70 131  62  -1 199 293 167 112  12 222  15 264 108 196 215
  23  42 138 195  56 334  27  40  71  95 272  83 147 184 158 212 164 142
  65 193  36 344 234 294  99 361  21   3  28 375 295 186  48 191  50 378
 179 160  59 120 242 261  58 155  16 230  80 376 208 188 366  24 357  87
 140  98  93 145 296 223 115 306 123 244  22  75  45 371 126 288 150 176
 254  57 105  46 173 144 171 132 267 248 365 217 200 129 278 282 148  61
 133 363  84 213 121 159 251  81 194 197 101 118 225 190 211 285 154 149
 169 308 205 135  78 178  94 170 127 192 210  86 227 238 252  73  97 299
 119 125 229 187 373 370 374 257 239 335 359 180 107 202 232 249  79  92
 122  88 303 185 318 291 181 253 201 260  85 307  82 280 172 226 336 392
 339 390 161 109 221 206 347 324 348 113 143 314 297 329 305 139 255 151
 166 236 246 116 136 381 100 235 216 322 343 268 141 379 245 312 259 356
 240 310 265 207 292 271 204 389 315 269  96 332 287 377 209 301 316 382
 258 364 338 247 168 358 220 106 219 111 281 256 327 350 266 279 270 277
 354 276 328 385 228 298 263 289 330 388 321 319 283 304 353 367 250 117
 262 337 214 231 355 416 317 275 290 218 313 311 351 345 323 273 326 352
 320 349 400 383 342 386 274 300 331 380 325 346 340 384 286 341 387 393
 397 391 410 407 396 402 408 395 418 405 399 413 401 411 406 398 394 425
 424 412 403 419 404 417 409 414 428] 

column ---------- customer_age
[40 20 30 50 60 90 80 70 10] 

column ---------- days_since_request
[0.00673539 0.0100951  0.01231635 ... 0.05928715 0.02335717 0.02042182] 

column ---------- intended_balcon_amount
[102.45371092  -0.84955097  -1.49038552 ...  50.60999507  -1.31338736
  14.94245588] 

column ---------- payment_type
['AA' 'AD' 'AB' 'AC' 'AE'] 

column ---------- zip_count_4w
[1059 1658 1095 ... 6154    4 6451] 

column ---------- velocity_6h
[13096.0350184   9223.28343093  4471.47214877 ...  1258.86493822
  7048.13712791  3737.07647922] 

column ---------- velocity_24h
[7850.95500713 5745.25148064 5471.98895801 ... 3601.32289249 6521.39501187
 3135.78809445] 

column ---------- velocity_4w
[6742.08056101 5941.66485884 5992.55511325 ... 3103.89166416 3068.26508364
 3051.00329333] 

column ---------- bank_branch_count_8w
[   5    3   15 ... 2367 2347 2332] 

column ---------- date_of_birth_distinct_emails_4w
[ 5 18 11 13  6  8  7 10 20  9 22 16 26 15 14  3 19  2 17  0 12  4 23 24
  1 21 28 29 25 27 32 30 33 31 34 35 36 37 39 38] 

column ---------- employment_status
['CB' 'CA' 'CC' 'CF' 'CD' 'CE' 'CG'] 

column ---------- credit_risk_score
[ 163  154   89   90   91  134   72   35  201  184  136   84  123   88
   80  118  137   49  268   64   52  170   57   79  191   62  113   81
   59  182   37  100  162  152  245  142  114   39  147  131  175  198
   30  194   11   18  -63  200  189   51  173  146   -9  280   61   27
  181  273   13  161  185   38   68   99   55   21  324   93   97  187
   56  144   77  246  155   82  165   45  148  117   63  102    9  101
   96  205   29   66  111  107  158  169  138   20  250  202   78  -44
   75   16  127  125  164  176   14  233   87   31   -2   92  219  223
  112  168  259  150  231  210   -6  193    7  108  320  179   22   25
   73  -19  116  287   74   65   50  299   71  143   86  121  149   -7
  141  105   26  178  206  128  269   70  153   60  305  199  133   47
  214  229  224  109  172   98  208  325  243  110  220  288  256  124
  275  104  213  132  174  196   83   76  171  190   85  177  -41   58
  180   19   28   95  203  151   23   67  122   94   33  335  251   54
   24  257  216  129  253  115  277  126  160  135  140   32  159   34
  167  192    4   53  211  226   41  207  166  157  -32  -23  183   69
  234  306   12  297  103   43  296  106   15  227  195  130  356  -26
  156  225   48  312  -80  139  263   42  252  258  -74    3  284  230
  261  212  215  300  186  248  209  120  218   40  145  278  289  -38
 -123  345  222  241  367  204  217   10  -54  244  279  254  235   -8
   44  337  240  188  119    2   -4  -30  301  326  315  334  -33  221
  239  -52  247  344   46  274    6  197  264  283  291   17  260  293
  351    0  -14  -49  232  236  237  -53  267  282  -36  -65  314  -28
  -43  304  -81  308  262  228  309  -47  265  238  272  313  369  255
    5   36  281  266  276  292  270  352  341  285  271  358  -93    1
  -83  318  -72  -39  -42  -59   -3  295  298  -48  249  355  242  327
  -69  -12  290  -67  294  347  322  -10 -144  319  -37  286    8  -13
  342  329  340  302  -87  -66  354  -84  -15  -16  -17  -18  336  307
  -20  -25  323 -132  -34  303  317  -40  331  -11  316  -91  -58  310
   -5  332 -103  311  -45  -55  -56  389   -1  370  -27  321  -76  361
  -24  -88  -86  -51  349  -61  -96  372  -21  377  -97  -62  -46 -102
  -60  -98 -108  -71  -31  346  364 -139  -50  -22  330  -70  -35  328
  -89  -75  350  -82  379 -101  -29 -107 -110  365  -95  362  -77  -92
  333 -114  -68  339  338 -140 -109  359 -111 -125 -119  375  374  376
  343  -64 -106  -85  -99  -57  360  357  348  -79 -113  -78  373  -73
 -122  385  363 -120 -105 -126  386 -115  -94 -167  368  366 -118  353
 -117  -90 -134 -100 -136 -104  387 -127 -130 -112 -133 -116 -156 -149
 -150  381  371 -124 -121 -131 -148 -164 -159 -138 -137 -145 -129 -154
 -152 -166 -147 -135 -155 -169 -128 -143  378 -168 -157 -158 -141 -146
 -165  380 -153 -170  383] 

column ---------- email_is_free
[1 0] 

column ---------- housing_status
['BC' 'BE' 'BD' 'BA' 'BB' 'BF' 'BG'] 

column ---------- phone_home_valid
[0 1] 

column ---------- phone_mobile_valid
[1 0] 

column ---------- bank_months_count
[ 9  2 30  1 26 25 15 10 -1 28 27 20  5 11  3 31 24  6 21 19 16 29  4 22
 18 14 12  8  7 23 17 32 13] 

column ---------- has_other_cards
[0 1] 

column ---------- proposed_credit_limit
[1500.  200.  500. 1000.  990.  510. 2000.  210.  490.  190. 1900. 2100.] 

column ---------- foreign_request
[0 1] 

column ---------- source
['INTERNET' 'TELEAPP'] 

column ---------- session_length_in_minutes
[16.22484343  3.36385371 22.73055923 ... 16.06859455  1.37868332
  1.94792582] 

column ---------- device_os
['linux' 'other' 'windows' 'x11' 'macintosh'] 

column ---------- keep_alive_session
[1 0] 

column ---------- device_distinct_emails_8w
[ 1  2  0 -1] 

column ---------- device_fraud_count
[0] 

column ---------- month
[0 1 2 3 4 5 6 7] 

